GAKORO_001=002|737.2421|28.24111|1159.521
GAKORO_002=002|738.2421|27.24111|1150.521
GAKORO_003=002|737.2421|29.24111|1160.521
